[gd_scene load_steps=15 format=3 uid="uid://bqqgyqafm7xwp"]

[ext_resource type="Environment" uid="uid://bqnqgflivjvue" path="res://scenes/main-environment.tres" id="1_ahusb"]
[ext_resource type="PackedScene" uid="uid://dl2ed4gkybggf" path="res://objects/player.tscn" id="2_onms2"]
[ext_resource type="Script" path="res://scripts/view.gd" id="5_bg0fr"]
[ext_resource type="PackedScene" uid="uid://cnymdajj1vsqm" path="res://objects/platform.tscn" id="6_sdmev"]
[ext_resource type="PackedScene" uid="uid://rjh4ifidqrfp" path="res://objects/platform_medium.tscn" id="7_ixpj3"]
[ext_resource type="PackedScene" uid="uid://uqr4hswv6d2g" path="res://objects/platform_grass_large_round.tscn" id="8_4oh1e"]
[ext_resource type="PackedScene" uid="uid://c8up71en5djgm" path="res://objects/platform_falling.tscn" id="9_2fnpo"]
[ext_resource type="PackedScene" uid="uid://dtjvjdjl8cs6e" path="res://models/flag.glb" id="9_fw1f5"]
[ext_resource type="PackedScene" uid="uid://dfpisimsgf5ce" path="res://objects/coin.tscn" id="10_fwhys"]
[ext_resource type="Script" path="res://scripts/hud.gd" id="11_apvpm"]
[ext_resource type="PackedScene" uid="uid://dy017k58p20sk" path="res://objects/cloud.tscn" id="13_drtpy"]
[ext_resource type="Texture2D" uid="uid://cd7oyc56ehkx1" path="res://sprites/coin.png" id="13_jfda3"]
[ext_resource type="FontFile" uid="uid://d0cxd77jybrcn" path="res://fonts/lilita_one_regular.ttf" id="17_tk810"]

[sub_resource type="LabelSettings" id="LabelSettings_38ys3"]
font = ExtResource("17_tk810")
font_size = 48
shadow_color = Color(0, 0, 0, 0.376471)
shadow_offset = Vector2(2, 2)

[node name="Main" type="Node3D"]

[node name="Environment" type="WorldEnvironment" parent="."]
environment = ExtResource("1_ahusb")

[node name="Player" parent="." node_paths=PackedStringArray("view") instance=ExtResource("2_onms2")]
transform = Transform3D(1, 0, 0, 0, 1, 0, 0, 0, 1, 5.46765, 1.85408, 1.03239)
view = NodePath("../View")

[node name="View" type="Node3D" parent="." node_paths=PackedStringArray("target")]
transform = Transform3D(0.707107, -0.298836, 0.640856, 0, 0.906308, 0.422618, -0.707107, -0.298836, 0.640856, 0, 0, 0)
script = ExtResource("5_bg0fr")
target = NodePath("../Player")

[node name="Camera" type="Camera3D" parent="View"]
transform = Transform3D(1, 0, 0, 0, 1, 0, 0, 0, 1, 0, 0, 10)
current = true
fov = 40.0

[node name="World" type="Node3D" parent="."]

[node name="platform" parent="World" instance=ExtResource("6_sdmev")]
transform = Transform3D(0.993085, 0, -0.117399, 0, 1, 0, 0.117399, 0, 0.993085, 11.9229, 1.05881, 1.83358)

[node name="platform4" parent="World" instance=ExtResource("6_sdmev")]
transform = Transform3D(0.993085, 0, -0.117399, 0, 1, 0, 0.117399, 0, 0.993085, -17.0699, 0, 4.36209)

[node name="platform2" parent="World" instance=ExtResource("6_sdmev")]
transform = Transform3D(1, 0, 0, 0, 1, 0, 0, 0, 1, 4.94653, -1.17967, 2.92352)

[node name="platform3" parent="World" instance=ExtResource("6_sdmev")]
transform = Transform3D(0.966237, 0, -0.257656, 0, 1, 0, 0.257656, 0, 0.966237, 4.77366, -2.75495, 5.59388)

[node name="platform-medium" parent="World" instance=ExtResource("7_ixpj3")]
transform = Transform3D(0.808781, 0, 0.58811, 0, 1, 0, -0.58811, 0, 0.808781, -0.42737, -0.0939682, 2.77485)

[node name="platform-medium2" parent="World" instance=ExtResource("7_ixpj3")]
transform = Transform3D(0.420038, 0, -0.907506, 0, 1, 0, 0.907506, 0, 0.420038, -12.0981, 0.733057, 1.70003)

[node name="platform-medium4" parent="World" instance=ExtResource("7_ixpj3")]
transform = Transform3D(0.929796, 0, -0.368076, 0, 1, 0, 0.368076, 0, 0.929796, -11.9154, 3.76895, -3.7574)

[node name="platform-medium3" parent="World" instance=ExtResource("7_ixpj3")]
transform = Transform3D(1, 0, 0, 0, 1, 0, 0, 0, 1, -18.1092, 6.529, -16.9)

[node name="platform-falling" parent="World" instance=ExtResource("9_2fnpo")]
transform = Transform3D(0.984808, 0, 0.173648, 0, 1, 0, -0.173648, 0, 0.984808, 9.69105, 1.08375, -0.405461)

[node name="platform-falling2" parent="World" instance=ExtResource("9_2fnpo")]
transform = Transform3D(0.994522, 0, -0.104528, 0, 1, 0, 0.104528, 0, 0.994522, 14.4601, 0.869703, -0.136369)

[node name="platform-falling3" parent="World" instance=ExtResource("9_2fnpo")]
transform = Transform3D(-0.559309, 0, 0.82896, 0, 1, 0, -0.82896, 0, -0.559309, -6.26741, 0.62999, 2.44306)

[node name="platform-grass-large-round" parent="World" instance=ExtResource("8_4oh1e")]
transform = Transform3D(1, 0, 0, 0, 1, 0, 0, 0, 1, 5.45191, 1, 0.849175)

[node name="flag" parent="World" instance=ExtResource("9_fw1f5")]
transform = Transform3D(0.707107, 0, -0.707107, 0, 1, 0, 0.707107, 0, 0.707107, -22.2975, 8.19427, -20.6404)

[node name="coin" parent="World" instance=ExtResource("10_fwhys")]
transform = Transform3D(1, 0, 0, 0, 1, 0, 0, 0, 1, -3, 0.635, 0)

[node name="coin10" parent="World" instance=ExtResource("10_fwhys")]
transform = Transform3D(1, 0, 0, 0, 0.9923, 0.123861, 0, -0.123861, 0.9923, 4.27126, -5.80056, 12.3723)

[node name="coin2" parent="World" instance=ExtResource("10_fwhys")]
transform = Transform3D(1, 0, 0, 0, 1, 0, 0, 0, 1, 22.7662, 1.43285, 1.87272)

[node name="coin3" parent="World" instance=ExtResource("10_fwhys")]
transform = Transform3D(1, 0, 0, 0, 1, 0, 0, 0, 1, 12.1318, 1.54883, 1.88649)

[node name="coin5" parent="World" instance=ExtResource("10_fwhys")]
transform = Transform3D(1, 0, 0, 0, 1, 0, 0, 0, 1, -11.7731, 2.54941, -2.28223)

[node name="coin6" parent="World" instance=ExtResource("10_fwhys")]
transform = Transform3D(1, 0, 0, 0, 1, 0, 0, 0, 1, -12.2583, 1.39318, 1.97762)

[node name="coin7" parent="World" instance=ExtResource("10_fwhys")]
transform = Transform3D(1, 0, 0, 0, 1, 0, 0, 0, 1, -12.2583, 2.39318, 1.97762)

[node name="coin8" parent="World" instance=ExtResource("10_fwhys")]
transform = Transform3D(1, 0, 0, 0, 1, 0, 0, 0, 1, -16.8934, 0.516968, 4.37664)

[node name="coin9" parent="World" instance=ExtResource("10_fwhys")]
transform = Transform3D(1, 0, 0, 0, 1, 0, 0, 0, 1, -23.7591, 8.06877, -20.4075)

[node name="coin4" parent="World" instance=ExtResource("10_fwhys")]
transform = Transform3D(1, 0, 0, 0, 1, 0, 0, 0, 1, -13.6377, 6.48852, -5.34931)

[node name="cube8" parent="World" instance=ExtResource("13_drtpy")]
transform = Transform3D(1, 0, 0, 0, 1, 0, 0, 0, 1, 1.5495, 1.10741, -2.666)

[node name="cube9" parent="World" instance=ExtResource("13_drtpy")]
transform = Transform3D(1.27593, -0.401864, 0.422933, 0.471408, 1.30937, -0.178025, -0.343721, 0.304009, 1.32582, 3.33538, 1.37146, -4.1932)

[node name="cube10" parent="World" instance=ExtResource("13_drtpy")]
transform = Transform3D(1.32811, 0.370441, 0.259369, -0.293866, 1.3186, -0.37854, -0.34372, 0.30401, 1.32582, -10.5752, 2.03819, -7.93707)

[node name="cube11" parent="World" instance=ExtResource("13_drtpy")]
transform = Transform3D(0.476646, 0.924607, 0.941422, -0.929853, 0.945559, -0.457882, -0.93624, -0.468385, 0.934042, -11.1815, 2.03819, 9.2812)

[node name="cube12" parent="World" instance=ExtResource("13_drtpy")]
transform = Transform3D(-1.02876, -0.695523, 0.652886, -0.929853, 0.945557, -0.457881, -0.213027, -0.768461, -1.15432, -10.9158, 2.79508, 11.515)

[node name="cube13" parent="World" instance=ExtResource("13_drtpy")]
transform = Transform3D(1.56209, -1.37982, 1.71508, 1.97375, 1.80907, -0.342241, -0.974547, 1.4522, 2.05595, 0.392685, 0.278651, -13.2308)

[node name="cube14" parent="World" instance=ExtResource("13_drtpy")]
transform = Transform3D(1.56209, -1.37982, 1.71508, 1.97375, 1.80907, -0.342241, -0.974547, 1.4522, 2.05595, -15.866, 2.03819, 7.83702)

[node name="Sun" type="DirectionalLight3D" parent="."]
transform = Transform3D(-0.422618, -0.694272, 0.582563, 0, 0.642788, 0.766044, -0.906308, 0.323744, -0.271654, 0, 0, 0)
shadow_enabled = true
shadow_opacity = 0.75

[node name="HUD" type="CanvasLayer" parent="."]
script = ExtResource("11_apvpm")

[node name="Icon" type="TextureRect" parent="HUD"]
offset_left = 57.0
offset_top = 67.0
offset_right = 313.0
offset_bottom = 323.0
scale = Vector2(0.2, 0.2)
texture = ExtResource("13_jfda3")

[node name="x" type="Label" parent="HUD"]
offset_left = 112.0
offset_top = 64.0
offset_right = 144.0
offset_bottom = 123.0
text = "×"
label_settings = SubResource("LabelSettings_38ys3")

[node name="Coins" type="Label" parent="HUD"]
offset_left = 144.0
offset_top = 64.0
offset_right = 368.0
offset_bottom = 123.0
text = "0"
label_settings = SubResource("LabelSettings_38ys3")

[node name="platform" parent="." instance=ExtResource("6_sdmev")]
transform = Transform3D(0.993085, 0, -0.117399, 0, 1, 0, 0.117399, 0, 0.993085, 17.529, 1.05881, 1.83358)

[node name="platform2" parent="." instance=ExtResource("6_sdmev")]
transform = Transform3D(0.993085, 0, -0.117399, 0, 1, 0, 0.117399, 0, 0.993085, 22.8901, 1.05881, 1.83358)

[node name="platform-grass-large-round" parent="." instance=ExtResource("8_4oh1e")]
transform = Transform3D(1, 0, 0, 0, 1, 0, 0, 0, 1, 29.2827, 1, 0.849175)

[node name="platform-falling" parent="." instance=ExtResource("9_2fnpo")]
transform = Transform3D(0.984808, 0, 0.173648, 0, 1, 0, -0.173648, 0, 0.984808, 20.0799, 1.22986, 0.169731)

[node name="platform-falling2" parent="." instance=ExtResource("9_2fnpo")]
transform = Transform3D(0.994522, 0, -0.104528, 0, 1, 0, 0.104528, 0, 0.994522, 25.2686, 1.25353, -0.278366)

[node name="platform-grass-large-round2" parent="." instance=ExtResource("8_4oh1e")]
transform = Transform3D(1, 0, 0, 0, 1, 0, 0, 0, 1, -22.226, 7.74269, -20.5681)

[node name="platform3" parent="." instance=ExtResource("6_sdmev")]
transform = Transform3D(0.966237, 0, -0.257656, 0, 1, 0, 0.257656, 0, 0.966237, 4.77366, -4.63343, 8.98385)

[node name="platform4" parent="." instance=ExtResource("6_sdmev")]
transform = Transform3D(0.448259, 0, 0.893904, 0, 1, 0, -0.893904, 0, 0.448259, 3.93332, -6.56623, 11.9066)

[node name="platform5" parent="." instance=ExtResource("6_sdmev")]
transform = Transform3D(1, 0, 0, 0, 1, 0, 0, 0, 1, 8.06334, -0.138194, 2.92352)

[node name="coin10" parent="." instance=ExtResource("10_fwhys")]
transform = Transform3D(1, 0, 0, 0, 0.9923, 0.123861, 0, -0.123861, 0.9923, 3.91541, -5.80056, 12.3723)

[node name="coin10" parent="coin10" instance=ExtResource("10_fwhys")]
transform = Transform3D(1, 0, 0, 0, 1, 0, 0, 0, 1, -11.0546, 5.21801, -12.0976)

[node name="coin11" parent="." instance=ExtResource("10_fwhys")]
transform = Transform3D(0.0161916, -0.0135663, -0.999777, 0.165181, 0.986205, -0.010707, 0.98613, -0.164971, 0.0182091, 4.08958, -5.84105, 12.0479)

[node name="coin12" parent="." instance=ExtResource("10_fwhys")]
transform = Transform3D(0.0161916, -0.0135663, -0.999777, 0.165181, 0.986205, -0.010707, 0.98613, -0.164971, 0.0182091, 4.08958, -5.75401, 12.7452)

[node name="coin13" parent="." instance=ExtResource("10_fwhys")]
transform = Transform3D(0.0171003, 0.00826587, -0.99982, 0.0414019, 0.999102, 0.00896805, 0.998996, -0.0415478, 0.0167427, 4.36085, -4.1842, 8.45111)

[node name="coin14" parent="." instance=ExtResource("10_fwhys")]
transform = Transform3D(0.0171003, 0.00826587, -0.99982, 0.0414019, 0.999102, 0.00896805, 0.998996, -0.0415478, 0.0167427, 4.86716, -4.1192, 9.74649)

[node name="coin15" parent="." instance=ExtResource("10_fwhys")]
transform = Transform3D(-0.761951, 0.0373781, -0.646556, 0.0414019, 0.999102, 0.00896806, 0.646311, -0.0199354, -0.762814, 4.10836, -4.32737, 9.45647)

[node name="coin16" parent="." instance=ExtResource("10_fwhys")]
transform = Transform3D(-0.761951, 0.0373781, -0.646556, 0.0414019, 0.999102, 0.00896806, 0.646311, -0.0199354, -0.762814, 5.26744, -4.28129, 8.58284)

[node name="coin17" parent="." instance=ExtResource("10_fwhys")]
transform = Transform3D(-0.761951, 0.0373781, -0.646556, 0.0414019, 0.999102, 0.00896806, 0.646311, -0.0199354, -0.762814, 5.00301, -4.32737, 8.99146)

[node name="coin18" parent="." instance=ExtResource("10_fwhys")]
transform = Transform3D(-0.761951, 0.0373781, -0.646556, 0.0414019, 0.999102, 0.00896806, 0.646311, -0.0199354, -0.762814, 4.89127, -2.35735, 5.49097)

[node name="coin19" parent="." instance=ExtResource("10_fwhys")]
transform = Transform3D(-0.761951, 0.0373781, -0.646556, 0.0414019, 0.999102, 0.00896806, 0.646311, -0.0199354, -0.762814, 4.89127, -1.77189, 5.49097)

[node name="coin20" parent="." instance=ExtResource("10_fwhys")]
transform = Transform3D(-0.761951, 0.0373781, -0.646556, 0.0414019, 0.999102, 0.00896806, 0.646311, -0.0199354, -0.762814, 4.89127, -1.22662, 5.49097)

[node name="coin6" parent="." instance=ExtResource("10_fwhys")]
transform = Transform3D(1, 0, 0, 0, 1, 0, 0, 0, 1, -0.448465, 0.3998, 2.77074)

[node name="coin7" parent="." instance=ExtResource("10_fwhys")]
transform = Transform3D(1, 0, 0, 0, 1, 0, 0, 0, 1, -0.448465, 1.3998, 2.77074)

[node name="platform-falling3" parent="." instance=ExtResource("9_2fnpo")]
transform = Transform3D(-0.458525, 0, 0.888682, 0, 1, 0, -0.888682, 0, -0.458525, -13.8073, 6.74957, -8.65566)

[node name="platform-falling4" parent="." instance=ExtResource("9_2fnpo")]
transform = Transform3D(-0.458466, 0.0160912, 0.888566, 0.00737825, 0.99987, -0.0143, -0.888682, 1.86109e-09, -0.458525, -18.0673, 6.47625, -16.6811)

[node name="platform-falling5" parent="." instance=ExtResource("9_2fnpo")]
transform = Transform3D(-0.458525, 0, 0.888682, 0, 1, 0, -0.888682, 0, -0.458525, -15.7446, 6.85976, -13.3325)

[node name="coin9" parent="." instance=ExtResource("10_fwhys")]
transform = Transform3D(1, 0, 0, 0, 1, 0, 0, 0, 1, -23.7591, 8.95662, -20.4075)

[node name="coin21" parent="." instance=ExtResource("10_fwhys")]
transform = Transform3D(1, 0, 0, 0, 1, 0, 0, 0, 1, -20.672, 8.06877, -20.5538)

[node name="coin22" parent="." instance=ExtResource("10_fwhys")]
transform = Transform3D(1, 0, 0, 0, 1, 0, 0, 0, 1, -20.672, 8.95662, -20.5538)

[node name="coin23" parent="." instance=ExtResource("10_fwhys")]
transform = Transform3D(0.0726289, 0, -0.997359, 0, 1, 0, 0.997359, 0, 0.0726289, -22.3543, 8.11052, -22.2454)

[node name="coin24" parent="." instance=ExtResource("10_fwhys")]
transform = Transform3D(0.0726289, 0, -0.997359, 0, 1, 0, 0.997359, 0, 0.0726289, -22.3543, 8.99836, -22.2454)

[node name="coin23" parent="coin24" instance=ExtResource("10_fwhys")]
transform = Transform3D(0.0726289, 0, -0.997359, 0, 1, 0, 0.997359, 0, 0.0726289, -22.3543, 8.06877, -22.2454)

[node name="coin24" parent="coin24" instance=ExtResource("10_fwhys")]
transform = Transform3D(0.0726289, 0, -0.997359, 0, 1, 0, 0.997359, 0, 0.0726289, -22.3543, 8.95662, -22.2454)

[node name="coin25" parent="." instance=ExtResource("10_fwhys")]
transform = Transform3D(0.0726289, 0, -0.997359, 0, 1, 0, 0.997359, 0, 0.0726289, -22.3543, 8.18283, -18.9691)

[node name="coin26" parent="." instance=ExtResource("10_fwhys")]
transform = Transform3D(0.0726289, 0, -0.997359, 0, 1, 0, 0.997359, 0, 0.0726289, -22.3543, 9.07068, -18.9691)

[node name="coin27" parent="." instance=ExtResource("10_fwhys")]
transform = Transform3D(0.126926, 0.991912, 0, -0.991912, 0.126926, 0, 0, 0, 1, -20.672, 8.98248, -16.6935)

[node name="platform-falling6" parent="." instance=ExtResource("9_2fnpo")]
transform = Transform3D(-0.559309, 0, 0.82896, 0, 1, 0, -0.82896, 0, -0.559309, -13.7249, 2.56657, -0.896927)

[node name="platform-medium4" parent="." instance=ExtResource("7_ixpj3")]
transform = Transform3D(0.929796, 0, -0.368076, 0, 1, 0, 0.368076, 0, 0.929796, -14.2178, 5.63106, -5.32369)

[connection signal="coin_collected" from="Player" to="HUD" method="_on_coin_collected"]
